 - - - - - - - - - - - - - - F A S E: 1 - - - - - - - - - - - - - - - - - - - - - 

Iteration: 1  q: 0  p: 20  Theta: 0.030303030303030304  z: 1362.4242424242425  
Iteration: 2  q: 1  p: 28  Theta: 0.16586151368760063  z: 1262.0177133655395  
Iteration: 3  q: 3  p: 29  Theta: 0.15542542389384223  z: 1162.408162129832  
Iteration: 4  q: 2  p: 0  Theta: 0.050217286335103806  z: 1161.6001931434091  
Iteration: 5  q: 7  p: 2  Theta: 0.020705979515238216  z: 1155.9119405956658  
Iteration: 6  q: 9  p: 7  Theta: 0.015437579510681509  z: 1153.1035252438512  
Iteration: 7  q: 12  p: 9  Theta: 0.039061630572681326  z: 1142.316432593648  
Iteration: 8  q: 13  p: 1  Theta: 0.24017162421660665  z: 1100.317796295965  
Iteration: 9  q: 16  p: 26  Theta: 8.747250611756462  z: 1091.5705456842086  
Iteration: 10  q: 17  p: 27  Theta: 11.894033808334203  z: 1079.6765118758744  

Optim!!!


Optim solution:
vb = 12  21  22  23  24  25  16  17  13  3  
xb = 0.22  342.14  100.15  219.17  230.04  188.17  8.75  11.89  0.24  0.24  
z = 1079.6765118758744
r = 532.73  126.42  354.69  301.09  451.26  67.37  623.56  614.81  637.3  503.51  638.12  1.0  1.0  7.27  2.05  
Problema no factible
