 - - - - - - - - - - - - - - F A S E: 1 - - - - - - - - - - - - - - - - - - - - - 

Iteration: 1  q: 0  p: 27  Theta: 0.3625  z: 1107.95  
Iteration: 2  q: 1  p: 29  Theta: 0.07211538461538461  z: 1103.248076923077  
Iteration: 3  q: 2  p: 0  Theta: 0.16239754098360656  z: 1052.0978483606557  
Iteration: 4  q: 3  p: 1  Theta: 0.05579809004092771  z: 1031.4530695770804  
Iteration: 5  q: 4  p: 25  Theta: 0.48740544735439617  z: 951.7429290048713  
Iteration: 6  q: 0  p: 3  Theta: 0.0083967668523895  z: 950.5155771796279  
Iteration: 7  q: 1  p: 0  Theta: 0.005633555633555601  z: 950.0316426816426  
Iteration: 8  q: 7  p: 1  Theta: 0.006179494090016521  z: 949.2731875409078  
Iteration: 9  q: 15  p: 7  Theta: 0.8085642317380307  z: 948.0201511335011  
Iteration: 10  q: 16  p: 26  Theta: 293.5226700251889  z: 654.4974811083123  
Iteration: 11  q: 11  p: 15  Theta: 0.11196372514823814  z: 638.8133937914196  
Iteration: 12  q: 17  p: 2  Theta: 11.784946236559117  z: 621.0537634408603  
Iteration: 13  q: 18  p: 28  Theta: 48.81720430107519  z: 572.2365591397851  

Optim!!!


Optim solution:
vb = 20  21  22  23  24  4  16  17  18  11  
xb = 174.06  72.44  246.68  5.67  73.39  0.47  316.19  11.78  48.82  0.16  
z = 572.2365591397851
r = 4193.05  5970.26  33.02  11154.15  2931.4  6419.16  5548.58  7915.83  9931.48  11634.42  1046.45  3398.2  1.0  42.1  100.7  
Problema no factible
